# Created by Octave 5.2.0, Sat Apr 25 09:06:03 2020 GMT <unknown@User-PC>
# name: Closest
# type: matrix
# rows: 4
# columns: 4
 0 0 0 0
 3.1802720837502561 3.1366662393078983 3.1366662393078983 3.2567944593216231
 3.2567944593216231 3.2765333555448386 3.1802720837502561 3.2765333555448386
 3.3387486117834375 3.3387486117834375 3.3926027368191463 3.3926027368191463


# name: Particles
# type: matrix
# rows: 4
# columns: 3
 1.9461194005818592 0.032382075351286552 -0.45996812919467528
 -0.43368931222511536 1.0298361789616759 1.6587196945124036
 -0.38909394298424976 -1.8919772525157257 0.51867907177368855
 -1.0468317705500501 0.7192880023510474 -1.5449168307196628


# name: c
# type: scalar
20


# name: check1
# type: scalar
10


# name: check2
# type: scalar
50


# name: checkval1
# type: scalar
0


# name: convval
# type: matrix
# rows: 4
# columns: 263
 8.4212422428180833 5.5323608891701914 5.7581880876298932 5.4500353163625626 6.0727331971416829 10.164745237654724 0.86133936100317254 2.3217471073429121 2.6160536960720457 2.9483983901962851 3.1333136831670076 2.1333422773395365 2.1398799184054278 2.4398258121579701 0.8081787893764063 0.97944239719906356 1.6108397331227025 1.867486878043596 1.0679728591180224 2.3578146716239319 1.0189798248481921 1.4974293971237425 2.7670496658107084 2.1865158976054668 1.2681447792834164 1.2715046250400099 1.5850117701744586 0.45920717662847232 0.45901519874905927 0.55056563289221716 0.76241187418251832 1.0089524363041109 1.1932738015971351 0.903796423450695 0.72895721329398533 0.64107013666328638 0.7047723279117456 0.64411975568432367 0.35978038077815055 0.69477991787730675 0.88677161182361908 0.79412462342351609 0.39087866479061584 0.74011555377444982 1.0787745620265863 1.1365697358680149 1.0906246009763718 0.7460201630375628 1.3099170430007578 1.8454945970452836 1.6752179169098116 0.78350804406176933 0.41219524904685789 0.89167947437643469 1.4863785195068637 1.6212681738569106 0.12302660527916542 0.34301632604735122 0.88916696740989543 1.1779660898424185 1.0657273407251231 0.51567947824791049 0.1596628689958644 0.570103708227363 0.66191023675631488 0.56103637391582728 0.43572334583218553 0.27027991892679171 0.34400088123245148 0.41525971424686858 0.44758996740407264 0.35018211883184314 0.11378666150089758 0.39979385391421818 0.69573464622577064 0.70488241113280881 0.48451524082064246 0.14713841513530621 0.25838624257186477 0.66224849592714197 0.9823220227166346 1.060095331526224 0.75398174559659492 0.077245356696474365 0.86660303803366268 1.6527662597687591 1.448320035993655 0.54948550974195953 0.33924201096692769 0.9082084446372225 1.0849144488236424 0.9285476168672876 0.66310252964535721 0.40201447275650321 0.41565601482983988 0.74611204403095555 0.93779607135419218 0.72302759764131752 0.30598298728986606 0.53600080141174677 0.76379589939136805 0.58152726522549403 0.16826088523476662 0.46875307332327965 0.71585216686519271 0.24857991831533768 0.24947392613472574 0.37817040514823858 0.35027782938369639 0.38544193318824771 0.52327248795180792 0.55731253717468432 0.42685847443500874 0.2343474565815207 0.41180946632157145 0.70834144705363167 0.83301153853086718 0.49691695328348262 0.3359061410244884 0.40781582195210481 0.94052379223518356 1.0995325413859052 0.73163314248906608 0.23971123780996378 0.43335909984550797 0.73768218205454428 0.89331598176534455 0.80512506635314807 0.45612423264718371 0.60254819535117865 0.78619741254520137 0.81132498322904156 0.50492539050118757 0.38612179780351019 0.63581781448210017 0.64806238691662599 0.4005998672875517 0.37004487787517604 0.60920781999099216 0.64619641721115773 0.21056047739504072 0.21132049193916208 0.38889372367575226 0.46452995105862382 0.4084797260614893 0.30655440789385235 0.30142178929294061 0.36402553063231441 0.44585842081697302 0.52783051024886707 0.52829198683829837 0.47554317648921413 0.46313269723390715 0.29888609086591611 0.45164395280552805 0.70035729928337676 0.70689961012980851 0.43409525336091448 0.45077995927696551 0.65088925286120292 0.8180064700084585 0.17139067167131805 0.1730441156368237 0.54082786116112014 0.69715651753259078 0.56768026170827235 0.32422330467994598 0.35866812833531592 0.48843914836669744 0.51058439969979208 0.4915259087438853 0.45717303573513368 0.41445928267966059 0.43682340129853631 0.44302149479356662 0.33415517115022575 0.29624258893805139 0.45572390522660344 0.51594332403769749 0.22238900734122646 0.22348911701966284 0.41979889010625759 0.46237483755913739 0.24545655810188635 0.24609598418105477 0.32567863570258959 0.30724340602957667 0.27888396193672743 0.34214652304949922 0.38860439960730792 0.31191425625379404 0.1805339347769134 0.31299810222501401 0.48644440126145322 0.49954356520221838 0.34368816671216196 0.10882005904887883 0.24487188497215567 0.45755221558702991 0.51578323894386413 0.39710107408643414 0.19243130243488918 0.21298054120225351 0.40982235079933405 0.5195223897230391 0.46426915165268851 0.27963306167358765 0.40728937558752348 0.46960194110018583 0.40990293346905893 0.28070619516177353 0.34142017190365892 0.43061716805648886 0.22914479006553709 0.21696747059778596 0.30945368048878918 0.39917382063238604 0.13728248238020849 0.136872293320835 0.18522518076310229 0.35640344183151673 0.40160092318250473 0.29098752949875417 0.19308795278772126 0.27084230779112506 0.33877496117270578 0.31919546266816068 0.25520410227539109 0.27229802404113418 0.29420595181861231 0.24955836252510133 0.22307229953488658 0.30893579966266704 0.3770334706758996 0.32064212988173252 0.14511911473539021 0.19240884857665538 0.40207756165257219 0.46969403859346004 0.34899370199953078 0.36499741704240557 0.38927339774089759 0.43587791558847294 0.33102613288501637 0.18277683050572799 0.22789782815106036 0.35608374731710424 0.40845462821637596 0.35287065311297877 0.24118031201236512 0.26326956150039355 0.37555465420071477 0.37988096138464889 0.25627035628579176 0.22374267629622635 0.36027056723609913 0.39731116549295242 0.1202054271051379 0.13956609752442367 0.27804266760895902 0.35353634199987832 0.025096490583144528 0.025464091612456646
