# Created by Octave 5.2.0, Wed Feb 10 13:46:53 2021 CET <furmaa@Aron-Inspiron-5547>
# name: tempParticles
# type: matrix
# rows: 50
# columns: 3
 -0.078784101468598572 0.93321150782674966 -0.35058429373762579
 0.92226694897583739 0.00957764666411293 0.38643491497427801
 0.83226533888592147 0.5326382153347422 0.15372357416519802
 -0.16369792670790503 -0.96465096111741144 0.20652242494893358
 0.65404243973500009 -0.20653278484532492 0.72771745602914018
 0.21555078469999239 0.53022238020340429 0.82000127240550913
 -0.4128865352696745 0.71372480827183304 0.56579290120179049
 -0.8885011954907478 0.021521966902987955 0.45836931676557346
 -0.43862611091141523 0.27726961575019499 -0.85482670466502531
 -0.29484264921853903 -0.73648959955240378 0.60881103961158056
 -0.018562067594896457 0.5377786395387989 -0.84288171441928983
 0.1428874757059993 -0.83922730513222332 -0.52467199239798734
 0.60459060002859777 -0.72762242667403665 -0.3240922871005209
 0.33495292357873141 -0.94034414359199536 0.059660963772786076
 -0.33103485317773484 -0.6466655035305563 -0.68719695322750651
 -0.19759158362955437 -0.9535346828340282 -0.22744048608674361
 -0.81807990381802964 0.34166510065843231 -0.46261239711139035
 0.90637129899480784 -0.39352038201182121 0.15372955896552654
 -0.92947341884738743 -0.35011860524665755 0.11617282778810305
 0.424742700439737 0.90451427267491358 0.038046930895039931
 0.50968880662384808 -0.3901922866695921 -0.76679025804056244
 0.075826568105032827 0.8876392293893266 0.45425425701751576
 -0.73507321228189115 0.4998771555878655 0.45802860380872157
 -0.67636980343567255 -0.66391288275718663 -0.31897268395496192
 0.17726972622261891 -0.80174884882987885 0.57076635111481666
 0.32798448642397321 0.8086726377965674 -0.48833875695498935
 0.45630560233129686 0.42360165083572254 -0.78252593483559574
 -0.64110451582387828 -0.75634265443355642 0.1301183648630452
 -0.46416372387895694 0.69367502004384796 -0.55078762150395733
 -0.66665021259411317 -0.39396520596498119 0.63274711420692686
 -0.57460674786047672 0.0532520584222115 0.81669535543371619
 0.14617463517363113 -0.47839771111131613 -0.86589179811065864
 0.98073444270802523 0.11136977060148098 -0.16048902480342078
 0.76432489075697052 0.55850962157508888 -0.32229561582093591
 0.85414643521654876 -0.35748136912666412 -0.377678352482887
 0.67377793636977068 0.29048250793577335 0.67944330524675622
 -0.9580662485981889 0.28473677246874668 -0.032156394404139768
 0.26235424357645215 -0.46833136806451997 0.84370372795445359
 0.63639919351620278 -0.67392564848705838 0.37526029206835199
 -0.93034359395131871 -0.14394156442129746 -0.33725602029569918
 -0.26913254024234212 0.96092588661340195 0.064723382320084191
 -0.61836766206776883 0.77102804404399827 -0.15210913781403135
 -0.22677259366517041 -0.1520669586461755 -0.96200303058279091
 0.26012274100996013 0.059483369016217889 -0.96374160874165105
 0.51106607668045445 0.74434825638158097 0.42983384986311651
 -0.23932704876965608 0.34334174413303953 0.90820648008197413
 -0.21027594018361151 -0.31146757321779206 0.92669950890982877
 -0.67298676317004413 -0.21426809175224532 -0.70793926395896312
 0.26347811587656217 0.053819147639584654 0.96316290512118752
 0.78098360558560442 0.05968054401224826 -0.62169352616294093


