# Created by Octave 5.2.0, Wed Feb 10 13:49:42 2021 CET <furmaa@Aron-Inspiron-5547>
# name: Zgt0Particles
# type: matrix
# rows: 50
# columns: 3
 -0 0 -0
 0.92226694897583739 0.00957764666411293 0.38643491497427801
 0.83226533888592147 0.5326382153347422 0.15372357416519802
 -0.16369792670790503 -0.96465096111741144 0.20652242494893358
 0.65404243973500009 -0.20653278484532492 0.72771745602914018
 0.21555078469999239 0.53022238020340429 0.82000127240550913
 -0.4128865352696745 0.71372480827183304 0.56579290120179049
 -0.8885011954907478 0.021521966902987955 0.45836931676557346
 -0 0 -0
 -0.29484264921853903 -0.73648959955240378 0.60881103961158056
 -0 0 -0
 0 -0 -0
 0 -0 -0
 0.33495292357873141 -0.94034414359199536 0.059660963772786076
 -0 -0 -0
 -0 -0 -0
 -0 0 -0
 0.90637129899480784 -0.39352038201182121 0.15372955896552654
 -0.92947341884738743 -0.35011860524665755 0.11617282778810305
 0.424742700439737 0.90451427267491358 0.038046930895039931
 0 -0 -0
 0.075826568105032827 0.8876392293893266 0.45425425701751576
 -0.73507321228189115 0.4998771555878655 0.45802860380872157
 -0 -0 -0
 0.17726972622261891 -0.80174884882987885 0.57076635111481666
 0 0 -0
 0 0 -0
 -0.64110451582387828 -0.75634265443355642 0.1301183648630452
 -0 0 -0
 -0.66665021259411317 -0.39396520596498119 0.63274711420692686
 -0.57460674786047672 0.0532520584222115 0.81669535543371619
 0 -0 -0
 0 0 -0
 0 0 -0
 0 -0 -0
 0.67377793636977068 0.29048250793577335 0.67944330524675622
 -0 0 -0
 0.26235424357645215 -0.46833136806451997 0.84370372795445359
 0.63639919351620278 -0.67392564848705838 0.37526029206835199
 -0 -0 -0
 -0.26913254024234212 0.96092588661340195 0.064723382320084191
 -0 0 -0
 -0 -0 -0
 0 0 -0
 0.51106607668045445 0.74434825638158097 0.42983384986311651
 -0.23932704876965608 0.34334174413303953 0.90820648008197413
 -0.21027594018361151 -0.31146757321779206 0.92669950890982877
 -0 -0 -0
 0.26347811587656217 0.053819147639584654 0.96316290512118752
 0 0 -0


