# Created by Octave 5.2.0, Mon May 11 12:22:45 2020 GMT <unknown@User-PC>
# name: particles
# type: matrix
# rows: 78
# columns: 3
 -26.858356194871565 41.710832488770507 -6.2317859079987343
 -7.9890155056525334 -14.906423743863694 -47.052886865938632
 -45.1193126813519 -5.6446904349251694 20.793871526395975
 36.577119349759933 30.516676463779476 -15.193643331289067
 34.727024067492401 9.7812436208664124 34.617352189979293
 43.331277906310554 12.604032459880665 -21.529949390473664
 -20.805642779882881 0.50548578604711525 45.462838809691718
 15.881627974618395 -25.084254689019019 40.231257245731776
 29.316837414660153 -1.3331692077247459 -40.481424182777424
 -36.651124473095436 19.712382983577267 -27.714924354333693
 -24.691276206334862 16.711656916790904 40.138029378607463
 -8.6674170744210191 24.108965235980421 -42.937555548823717
 -28.608890575391101 -10.357521087362045 39.676858960484118
 -25.938251324434376 32.585917326702649 27.665232878249533
 47.717150871610464 12.896513378520908 7.5334889243694105
 -11.319175580786654 27.180195330079936 40.411795876823192
 1.6984604260277349 -49.187091697188727 -8.8173262701096426
 -30.564417553203899 -39.006540840467061 6.656286599476938
 -0.53710845174575694 -29.001892807689835 -40.72593434265606
 46.622894059016147 -17.31420656642544 5.150145681134374
 -19.839776057443611 37.113999967006819 -26.998783165904079
 -23.9322622963419 14.933878475150175 -41.282273375730391
 -29.030632946288126 -12.933409767166557 -38.599860913382194
 49.293832549495981 1.6955598164433108 -8.2001920398923023
 -26.531527948236516 -33.299864920802314 26.214442984512644
 -36.970503085860173 -22.063093912080507 -25.424432906263995
 -3.7221864881030506 -4.0462720736351745 49.696810864017252
 42.729374452753092 14.368794594342724 21.6272582816685
 -38.168232665107105 31.091972652858153 8.7450129660379279
 25.936467778792256 -6.1018274071244889 42.309187435512584
 -5.583104473069513 -27.587557619062647 41.324999807110579
 13.763891069526277 -6.188981024471869 -47.668142574521845
 6.9376138931667333 42.793260258394902 24.911972822854075
 -18.797054085798926 0.32147875621206573 -46.331063112180523
 37.460589587671855 -30.232698431660797 13.516218897467805
 5.0866153869966553 -15.599434483087235 47.231176014499546
 43.265735343236749 -10.203206699794755 22.890406685995284
 18.193741569665548 -38.912835750343852 -25.588649467351448
 12.01164064960353 33.898461647800978 34.736361162582334
 15.436830627435198 -20.966873667975616 -42.685998509710757
 5.5472084884157429 22.574456868447424 44.267622198178387
 -46.591152084273951 14.111239545015753 11.407780939483278
 27.241233453412544 -20.605527269702289 36.514756549568176
 36.989755976713681 1.2499477637992931 -33.61838162926567
 12.015841745042765 42.870237206910247 -22.754390982430966
 -6.6092201555955672 47.205995400010039 -15.096761481493301
 12.907616572553799 3.6310998134851835 48.168543143429645
 -7.2194756044725334 11.407737567725128 48.142940246544342
 -47.132817090557261 -8.332810131345509 -14.458970517399198
 22.491347731957053 39.770618995101295 20.308548494333088
 -19.068940664088178 -33.147953601242648 -32.211623274826572
 16.676770955923793 -42.918633381705902 -19.49041351871163
 3.5899735337667957 47.267017666449497 15.904123080082243
 -40.979633645334957 26.634678637244175 -10.548152453622411
 17.795070667023687 15.081043570564912 -44.225530915731866
 37.488617940485028 -7.3551017456209209 32.256875286113939
 -17.812907494943396 -20.464204516849726 41.999007846247224
 8.2140948642148324 -33.830692443160736 35.888896533300468
 31.287560794789204 28.651420853197319 26.461001919907329
 15.110155856870296 -45.635850127753422 13.749631744098323
 43.869743579888201 23.646092857978299 -4.0383029587594228
 0.67977212167804635 -40.893400355855967 -28.762262032014597
 -42.215818289600946 -22.467647692298836 14.595529908644405
 37.6470256417008 31.29013253661843 10.179836254772232
 0.034700372191043688 8.5889896821449074 -49.256756410914619
 -37.296553119594051 13.676636454617247 30.363081870678638
 22.18879335610675 18.504691907494468 40.807276640431439
 8.3198996201837812 30.196738102147275 -38.97353304872928
 -30.542783967843658 -37.192529606393698 -13.559280547697222
 -14.960190006714546 -45.775333031050984 -13.446620425198688
 -9.7047406301472598 39.157136967742844 29.538731079567309
 -49.823573640212857 4.1053380529512298 -0.87046492708045287
 49.575894013061728 -2.5363615080796977 5.9831098189822756
 -7.6073346781894768 -49.134789995507987 5.2821275250928696
 -40.66247141933448 1.3621544283265914 -29.06385991889578
 -14.971206579825269 47.068474345869781 7.7731394105853209
 -43.689981689198831 -24.003238259720401 -3.8768612361761519
 -10.548184267911006 -44.113313951339933 21.041657275051147


